timer_start =         3.141592653589793238462643383279*irandom_range(7, 11)
timer = timer_start - 3.141592653589793238462643383279* random_range(0, 1)

scale = 1

spd = random_range(0.2, 1)

x_spd = 0
y_spd = 0